      0/59        0G     0.139   0.03027   0.03162    0.2009        48       960         0         0 1.439e-05 4.536e-06     0.136   0.02921   0.03049
      1/59        0G    0.1366   0.02842   0.03103     0.196        16       960         0         0 2.057e-05 4.597e-06    0.1315   0.02754   0.02977
      2/59        0G    0.1273   0.02689   0.03027    0.1845        21       960         0         0 9.022e-05  1.35e-05    0.1266   0.02609    0.0287
      3/59        0G     0.125   0.02474   0.02911    0.1789        29       960         0         0 9.721e-05 2.202e-05    0.1227   0.02497    0.0276
      4/59        0G    0.1217   0.02397    0.0284     0.174        21       960         0         0 6.491e-05 2.002e-05    0.1181   0.02433   0.02663
      5/59        0G    0.1185   0.02258   0.02711    0.1682        28       960         0         0 0.0001844 3.126e-05     0.113   0.02426   0.02576
      6/59        0G     0.113   0.02286   0.02601    0.1619        25       960         0         0 0.0001354 1.749e-05    0.1083   0.02446   0.02498
      7/59        0G    0.1106   0.02188   0.02471    0.1572        38       960         0         0 0.0003181 4.339e-05    0.1039   0.02479   0.02414
      8/59        0G    0.1057   0.02025    0.0242    0.1501        23       960         0         0 0.0006953   0.00012    0.0997   0.02524   0.02344
      9/59        0G    0.1029   0.02179   0.02347    0.1482        16       960         0         0    0.0014 0.0002492   0.09593   0.02559   0.02278
     10/59        0G   0.09838   0.02053   0.02184    0.1408        16       960         0         0  0.002229 0.0003964   0.09259   0.02593   0.02191
     11/59        0G    0.0987   0.02217   0.02147    0.1423        16       960         0         0  0.004168 0.0007647    0.0898   0.02613   0.02107
     12/59        0G   0.09761   0.01961   0.02194    0.1392        24       960         0         0  0.005107   0.00103   0.08792   0.02636   0.02059
     13/59        0G   0.09269   0.02602   0.02033     0.139        40       960         0         0  0.006805  0.001569   0.08575   0.02653   0.02011
     14/59        0G   0.09111   0.02256   0.02039    0.1341        25       960         0         0  0.009143  0.002028   0.08361   0.02667   0.01958
     15/59        0G   0.09016   0.02383   0.01926    0.1332        44       960         0         0   0.01189   0.00271   0.08139   0.02692   0.01894
     16/59        0G   0.08765   0.02541   0.01738    0.1304        36       960         0         0   0.01918   0.00333   0.08016   0.02687   0.01831
     17/59        0G   0.08538   0.02377   0.01925    0.1284        30       960         0         0   0.02524  0.005517   0.07753   0.02705   0.01766
     18/59        0G   0.08409   0.02144   0.01768    0.1232        25       960         0         0   0.03435  0.007884   0.07643   0.02687   0.01692
     19/59        0G   0.08036   0.02491   0.01726    0.1225        29       960         0         0   0.04892   0.01179   0.07501   0.02671   0.01626
     20/59        0G   0.08157   0.02139   0.01655    0.1195        17       960         0         0   0.05925   0.01119   0.07751   0.02586    0.0157
     21/59        0G   0.08174   0.02248   0.01601    0.1202        20       960         0         0    0.1093   0.03231   0.07214   0.02636   0.01522
     22/59        0G   0.07791   0.02075   0.01687    0.1155        42       960         0         0    0.1248   0.03063   0.07121   0.02611    0.0147
     23/59        0G   0.07754   0.02253   0.01501    0.1151        16       960         0         0    0.1327   0.02841   0.07095   0.02578   0.01423
     24/59        0G   0.07658     0.024   0.01388    0.1145        34       960         0         0    0.1396   0.02599   0.07132   0.02524   0.01383
     25/59        0G    0.0745   0.02412   0.01401    0.1126        31       960         0         0    0.1903   0.03742   0.06971   0.02493   0.01336
     26/59        0G   0.07225   0.02201   0.01375     0.108        33       960    0.1851   0.01587    0.2208   0.04968    0.0666   0.02489   0.01285
     27/59        0G   0.07229   0.02114    0.0129    0.1063        18       960    0.2828    0.1138     0.231     0.054   0.06779   0.02427   0.01227
     28/59        0G   0.07063   0.02098   0.01246    0.1041        29       960    0.2031     0.254    0.2591   0.07099   0.06469   0.02438   0.01178
     29/59        0G   0.07041   0.02355   0.01313    0.1071        40       960    0.1364    0.2937    0.2797   0.08224   0.06387   0.02403   0.01128
     30/59        0G   0.07104    0.0205   0.01161    0.1032        31       960    0.6116    0.3253    0.2797   0.06936   0.06499   0.02338   0.01088
     31/59        0G   0.06869   0.02198   0.01164    0.1023        27       960    0.5858    0.3411    0.3188    0.0828   0.06313    0.0231   0.01051
     32/59        0G   0.07115    0.0217   0.01096    0.1038        39       960    0.5732    0.3411    0.3278   0.07982   0.06188     0.023   0.01005
     33/59        0G   0.06684   0.01931    0.0114   0.09755        16       960    0.2621    0.3693    0.2912   0.07506   0.06146   0.02278  0.009508
     34/59        0G   0.07037   0.01961  0.009418    0.0994        26       960    0.2036    0.4199     0.295   0.08164   0.06364   0.02225  0.009058
     35/59        0G   0.06889   0.01876  0.009828   0.09748        20       960    0.2968     0.498     0.326   0.07962   0.06437   0.02186  0.008634
     36/59        0G   0.06916   0.02022  0.009049   0.09843        20       960    0.2426    0.5213    0.2934    0.0775   0.06751   0.02136  0.008511
     37/59        0G   0.07491   0.01702  0.009521    0.1015        33       960    0.2575    0.5526    0.2649   0.08129   0.07607   0.02034  0.008214
     38/59        0G    0.0785    0.0185  0.008433    0.1054        42       960    0.2628    0.5527    0.3375     0.105   0.07242   0.02056  0.008121
     39/59        0G   0.07809    0.0195  0.008591    0.1062        27       960    0.2495    0.5527    0.3712    0.1032   0.06956   0.02088  0.007907
     40/59        0G    0.0708   0.01733  0.008407   0.09654        15       960    0.2945    0.5604    0.3886    0.1081   0.06366    0.0215  0.007819
     41/59        0G   0.06967   0.01806  0.008961   0.09669        26       960    0.2535    0.5605    0.3159   0.07027   0.06403   0.02134   0.00769
     42/59        0G    0.0688   0.01757   0.00864   0.09501        36       960    0.2576    0.5056    0.2829   0.05738   0.06139   0.02142  0.007549
     43/59        0G   0.06692   0.01851  0.008443   0.09387        33       960    0.3175    0.5919    0.3668   0.09779   0.05919   0.02168  0.007367
     44/59        0G   0.06615   0.01955  0.008682   0.09438        25       960    0.3296    0.6152    0.4245    0.1249    0.0575   0.02169  0.007197
     45/59        0G   0.06396    0.0188  0.008262   0.09102        42       960    0.2574    0.6074    0.3666       0.1   0.05977   0.02121  0.006935
     46/59        0G   0.06224   0.01864  0.007495   0.08838        25       960    0.2739    0.5996    0.3565    0.1047   0.05688   0.02119  0.006755
     47/59        0G   0.06315   0.01789  0.007617   0.08865        58       960    0.2766    0.6151    0.4103    0.1333   0.05649   0.02116   0.00651
     48/59        0G   0.06049   0.02049  0.006751   0.08773        26       960    0.2753    0.6544    0.4043    0.1347   0.05717   0.02085  0.006315
     49/59        0G   0.06236    0.0175  0.006835   0.08669        21       960    0.2326      0.67    0.4628    0.1562   0.05889   0.02037  0.006135
     50/59        0G   0.06531    0.0175  0.007181      0.09        17       960      0.23    0.6937    0.4839    0.1807   0.05554   0.02054  0.005975
     51/59        0G   0.06141   0.01737  0.006565   0.08535        20       960    0.2097    0.7036    0.4981    0.1767   0.05438   0.02048  0.005799
     52/59        0G   0.05951   0.01852  0.005742   0.08378        43       960    0.1807    0.7486    0.4411    0.1411   0.05742   0.01995   0.00564
     53/59        0G   0.06238    0.0187  0.006216   0.08729        37       960    0.1767    0.7251    0.4346    0.1198   0.05681   0.01985  0.005488
     54/59        0G   0.06427    0.0168  0.005752   0.08682        19       960    0.1795    0.7329    0.4506    0.1491   0.05716   0.01961  0.005374
     55/59        0G   0.05867   0.01838  0.005588   0.08264        40       960    0.1666    0.7408    0.4432    0.1445   0.05483   0.01971  0.005217
     56/59        0G   0.06321   0.01482  0.006307   0.08434        18       960    0.1544    0.7407    0.4496    0.1304   0.05872   0.01921  0.005061
     57/59        0G   0.06138   0.01717  0.004885   0.08343        42       960    0.1591     0.725    0.3766   0.08125   0.06027   0.01886  0.004906
     58/59        0G   0.06634   0.01515  0.006395   0.08789        32       960    0.2158     0.733    0.5208    0.1949   0.05252   0.01975  0.004814
     59/59        0G   0.05886   0.01715  0.006285    0.0823        34       960    0.2358    0.7329    0.5639    0.2121    0.0513   0.01975  0.004756
